# Date: 2013-09-16
# Data taken by Liam and Selena
# frequency (Hz) 		amplitude (mm) 		amp error (mm) 
7.500000000000000000e-01 1.351999999999999957e+01 3.200000000000000067e-01 
1.788499999999999979e+00 1.210999999999999943e+01 9.200000000000000400e-01 
2.826900000000000190e+00 1.426999999999999957e+01 7.299999999999999822e-01 
3.865400000000000169e+00 1.660000000000000142e+01 2.067800000000000082e+00 
4.903800000000000381e+00 2.291000000000000014e+01 1.750000000000000000e+00 
5.942300000000000360e+00 3.528000000000000114e+01 9.100000000000000311e-01 
6.980800000000000338e+00 6.099000000000000199e+01 9.899999999999999911e-01 
8.019199999999999662e+00 3.338000000000000256e+01 3.599999999999999867e-01 
9.057700000000000529e+00 1.778000000000000114e+01 2.319999999999999840e+00 
1.009619999999999962e+01 1.099000000000000021e+01 2.099999999999999922e-01 
1.113460000000000072e+01 7.469999999999999751e+00 4.799999999999999822e-01 
1.217309999999999981e+01 6.719999999999999751e+00 5.100000000000000089e-01 
1.321149999999999913e+01 4.400000000000000355e+00 5.799999999999999600e-01 
1.425000000000000000e+01 4.070000000000000284e+00 6.300000000000000044e-01 
